0.1 0
0.2 0
0.3 0
0.4 1
0.5 1
0.6 1
0.7 1
0.8 1
0.9 1
1 1
1.1 2
1.2 2
1.3 2
1.4 3
1.5 3
1.6 3
1.7 3
1.8 4
1.9 4
2 4
2.1 4
2.2 5
2.3 5
2.4 5
2.5 6
2.6 6
2.7 6
2.8 8
2.9 8
3 8
3.1 8
3.2 9
3.3 10
3.4 10
3.5 10
3.6 11
3.7 11
3.8 11
3.9 13
4 13
4.1 13
4.2 13
4.3 14
4.4 14
4.5 15
4.6 15
4.7 16
4.8 16
4.9 16
5 16
5.1 17
5.2 17
5.3 19
5.4 19
5.5 19
5.6 20
5.7 21
5.8 21
5.9 22
6 23
6.1 23
6.2 23
6.3 24
6.4 24
6.5 25
6.6 25
6.7 25
6.8 26
6.9 26
7 27
7.1 28
7.2 28
7.3 29
7.4 29
7.5 29
7.6 31
7.7 31
7.8 32
7.9 32
8 32
8.1 33
8.2 33
8.3 34
8.4 35
8.5 35
8.6 35
8.7 36
8.8 37
8.9 37
9 38
9.1 39
9.2 39
9.3 40
9.4 40
9.5 41
9.6 41
9.7 41
9.8 42
9.9 42
10 43
10.1 43
10.2 43
10.3 44
10.4 45
10.5 45
10.6 46
10.7 47
10.8 47
10.9 48
11 49
11.1 49
11.2 50
11.3 50
11.4 51
11.5 52
11.6 52
11.7 52
11.8 53
11.9 53
12 54
12.1 55
12.2 55
12.3 56
12.4 56
12.5 56
12.6 57
12.7 57
12.8 58
12.9 59
13 59
13.1 59
13.2 60
13.3 61
13.4 61
13.5 62
13.6 62
13.7 63
13.8 63
13.9 64
14 64
14.1 65
14.2 66
14.3 66
14.4 67
14.5 67
14.6 67
14.7 68
14.8 68
14.9 68
15 69
15.1 69
15.2 69
15.3 70
15.4 71
15.5 71
15.6 72
15.7 72
15.8 73
15.9 73
16 74
16.1 74
16.2 74
16.3 74
16.4 76
16.5 76
16.6 76
16.7 77
16.8 77
16.9 77
17 77
17.1 78
17.2 79
17.3 79
17.4 79
17.5 80
17.6 81
17.7 81
17.8 83
17.9 83
18 83
18.1 84
18.2 84
18.3 84
18.4 84
18.5 86
18.6 86
18.7 87
18.8 87
18.9 88
19 88
19.1 89
19.2 89
19.3 90
19.4 90
19.5 91
19.6 91
19.7 92
19.8 93
19.9 93
20 93
20.1 93
20.2 95
20.3 95
20.4 96
20.5 97
20.6 97
