0.264008 -0.959674 -1.16716
0.236214 -6.95959 4.66854
0.255224 -12.41 -0.519174
0.26171 -0.0941696 5.87316
0.26508 -10.3318 3.26372
0.23731 -14.1443 6.1819
0.270768 -1.347 -6.27852
0.233524 -1.94208 4.79063
0.265219 -12.8103 1.96412
0.2548 -8.03479 5.20211
0.264982 -7.54491 2.26265
0.233846 -14.105 2.85444
0.234751 -4.11021 6.0598
0.244814 -3.06604 -3.56134
0.257877 -11.4016 -3.44336
0.246929 -13.29 -5.17066
0.247457 -8.80936 3.98045
0.227546 -5.08129 6.891
0.235921 -13.7849 6.47701
0.261681 -11.6446 2.66404
0.227567 -1.21054 -2.50461
0.268728 -8.50217 -1.70107
0.273052 -4.75072 -3.76517
0.251376 -13.2772 -6.08236
0.25262 -0.987737 0.722255
0.271645 -13.6903 -4.92295
0.260691 -13.2445 4.24315
0.22954 -1.8236 0.454089
0.243424 -8.43107 -3.92167
0.23595 -10.1357 -2.4383
0.227973 -9.22806 4.03805
0.238258 -1.39262 0.502694
0.272387 -9.86782 3.00054
0.239522 -10.4521 4.55466
0.233478 -1.84743 -0.826889
0.225146 -3.70431 1.40156
0.271448 -5.44935 2.37218
0.249625 -4.58953 0.0352596
0.259685 -5.50642 -0.101744
0.265256 -3.05682 -5.2439
0.270873 -12.8243 -3.8311
0.269611 -12.8013 7.2732
0.241414 -7.8443 0.612602
0.234143 -3.52834 -3.48933
0.250156 -7.89433 -6.42205
0.227423 -4.23004 2.13189
0.259507 -0.923487 -4.12368
0.238363 -0.50595 3.32726
0.232285 -10.4805 -4.51282
0.262139 -8.96847 5.19989
0.230982 -3.97131 -3.43359
0.259632 -10.0334 -0.256905
0.252611 -10.5982 -2.52322
0.264822 -0.126336 4.5109
0.226936 -7.19772 -4.35513
0.26892 -7.75154 2.68961
0.233582 -3.96739 1.76991
0.229906 -8.45419 6.00804
0.24942 -7.54882 5.18094
0.266703 -4.15637 -2.98375
0.246579 -3.3649 -3.9108
0.273389 -1.74663 2.17534
0.248555 -0.108655 3.56989
0.255647 -7.43251 -3.90033
0.242124 -14.5003 3.08472
0.274066 -2.31106 -0.722215
0.26113 -14.1128 5.7171
0.251962 -0.499722 2.84714
0.229683 -6.12623 0.607758
0.244061 -12.4271 -2.44024
0.251936 -12.5599 -6.46817
0.241672 -0.506322 -3.88492
0.238336 -0.879536 5.93227
0.234909 -0.517831 5.65728
0.239084 -4.10748 6.8837
0.238066 -0.903526 -3.1941
0.23956 -7.95717 -1.0798
0.235427 -14.4905 4.98901
0.234552 -5.2976 5.68729
0.246564 -11.7268 -3.07834
0.26336 -14.9024 2.40057
0.267642 -3.40029 4.79193
0.231228 -12.3228 0.8171
0.243254 -11.1155 -7.28267
0.23902 -5.37316 -1.21931
0.237007 -3.26702 2.22788
0.267676 -3.65814 4.34475
0.273362 -2.15523 2.75543
0.24171 -13.6441 2.11201
0.24317 -12.4589 3.73982
0.251891 -3.91949 -5.24808
0.23864 -3.21352 -7.30155
0.262274 -10.4253 -6.87747
0.240593 -3.16184 4.36842
0.268236 -1.71532 3.60596
0.267735 -11.8392 -6.04381
0.268125 -7.67259 -4.31658
0.274473 -0.531027 -1.96929
0.245908 -7.3745 0.71103
0.273228 -3.84737 6.46939
0.233893 -9.89188 0.950066
0.249144 -8.89331 3.20378
0.240357 -7.94491 6.85925
0.226628 -9.23639 4.80454
0.241312 -14.5016 -5.94966
0.266879 -6.57879 0.470908
0.242046 -11.8248 -5.23165
0.242196 -3.21081 0.634294
0.268974 -5.97004 -4.11578
0.26662 -12.038 3.46885
0.26812 -2.23524 -6.37152
0.225958 -1.72559 5.1557
0.225859 -14.4847 -1.65973
0.255896 -2.81757 -1.90764
0.252682 -4.59984 6.0814
0.227252 -9.55629 2.6525
0.244444 -8.17644 0.953615
0.263922 -1.45331 4.76706
0.253292 -10.3169 4.13753
0.245767 -13.2558 -2.46231
0.250189 -0.503368 -2.95612
0.228277 -8.32425 -7.28786
0.262875 -12.8217 -0.264311
0.226843 -7.18547 4.29391
0.240053 -10.2818 3.71564
0.248862 -5.10351 -0.861224
0.268797 -1.69644 2.6623
0.241702 -9.02126 -6.07091
0.266657 -1.76838 -5.03835
0.235652 -6.53659 6.86041
0.250198 -0.0953733 2.59162
0.274767 -1.56916 0.0377511
0.264119 -2.2535 2.25282
0.2529 -4.84205 6.48299
0.228478 -11.7709 0.906088
0.237312 -8.88124 -2.67162
0.226175 -12.0479 4.84452
0.262559 -10.6578 -5.63346
0.238791 -1.62216 -1.71354
0.274072 -7.2183 1.18568
0.237118 -2.26673 -7.28142
0.267608 -5.6467 1.92358
0.257605 -12.8318 -1.73217
0.251395 -8.32235 4.80299
0.246142 -6.97536 3.8992
0.24315 -13.2439 -0.99152
0.249235 -12.0721 -4.44874
0.266707 -1.41783 5.50081
0.242192 -8.45551 0.045055
0.245187 -12.8639 3.52746
0.26696 -1.77263 6.85158
0.262076 -6.12587 -4.91121
0.271182 -11.5977 -4.79819
0.240687 -10.3085 2.81008
0.257445 -11.5173 -3.90307
0.238742 -10.1745 -7.30119
0.229979 -8.5636 -6.07447
0.230814 -5.08689 -7.31333
0.227874 -11.6767 6.98722
0.269518 -2.73957 -3.21613
0.271518 -14.8777 0.484363
0.239197 -1.76559 -5.52166
0.235146 -12.0636 -2.74077
0.255896 -0.530491 3.79799
0.255423 -4.20234 -7.27698
0.237112 -2.93019 5.61722
0.256513 -11.887 6.23241
0.226774 -9.71351 -7.30198
0.228515 -7.68483 3.52161
0.227455 -0.0992032 6.33361
0.251049 -2.92092 -0.226921
0.225647 -12.9375 5.96649
0.269575 -5.84872 -1.155
0.25938 -6.93448 -5.57633
0.271302 -7.02834 6.86846
0.233152 -6.57685 -0.784003
0.232734 -11.6244 3.22059
0.24547 -5.66219 -5.03069
0.234524 -14.9013 -4.69332
0.271845 -9.52192 -0.247918
0.236651 -2.45147 7.28306
0.239406 -4.16093 5.20464
0.245901 -1.5272 6.42401
0.233015 -1.75138 -4.5629
0.271597 -7.68586 -3.46345
0.232658 -9.77517 1.34357
0.252361 -12.3168 -6.05886
0.269536 -7.05043 5.13739
0.268476 -5.96421 -5.81462
0.259869 -10.6671 1.44995
0.253996 -11.2654 -0.699143
0.267603 -0.911171 2.14518
0.255105 -6.06419 3.92156
0.226994 -4.57832 1.31431
0.242864 -5.67366 0.70235
0.236517 -12.4324 4.67363
0.236547 -6.46357 -4.04469
0.273416 -14.5235 -5.46058
0.274264 -8.41503 -2.56564
0.265101 -4.2348 -1.67608
0.22822 -6.95284 -6.40436
0.246942 -10.3545 5.31365
0.263323 -13.2866 7.26053
0.24004 -6.22806 -2.3972
0.227524 -4.7793 -0.350816
0.260086 -13.21 2.29426
0.247264 -0.587248 -0.458915
0.233643 -9.44852 1.03409
0.273899 -14.8883 -0.933651
0.259472 -10.2934 0.155217
0.241963 -11.4053 5.38247
0.228322 -0.918965 -2.217
0.226506 -8.77474 0.365889
0.255468 -0.574794 4.75136
0.259692 -1.41692 -0.445198
0.255308 -10.3339 1.07813
0.238817 -8.12554 -5.19507
0.252776 -13.6495 -1.20806
0.250667 -10.6458 5.67088
0.268303 -14.4552 -6.44672
0.237729 -3.5019 -5.06167
0.269148 -3.3962 3.92522
0.227674 -12.0437 4.42035
0.23748 -3.08516 2.64311
0.226218 -9.57369 -1.08912
0.25234 -1.2729 2.86985
0.272527 -8.9909 1.15329
0.255794 -10.42 2.37505
0.263131 -0.539194 0.958328
0.248227 -14.0907 3.31198
0.273262 -4.11566 3.38915
0.274656 -4.45117 0.472959
0.274755 -13.0374 -6.49119
0.274579 -13.6786 6.00591
0.240818 -8.99362 -0.508884
0.249802 -12.5263 -2.86841
0.257214 -2.73247 -6.46928
0.255413 -2.27976 0.516834
0.27265 -10.5327 0.598686
0.235113 -11.2899 0.11713
0.271654 -9.41666 3.27182
0.272573 -10.781 -1.34972
0.227887 -7.18851 -5.17144
0.240074 -10.4236 -2.09751
0.253207 -9.20952 5.62241
0.232443 -13.699 -5.41975
0.254137 -1.40108 -0.932485
0.262119 -8.40057 1.82229
0.262566 -10.5584 7.30342
0.263355 -10.7654 3.67152
0.260311 -7.9264 -2.53401
0.242329 -6.55628 4.69768
0.24955 -9.79424 0.163852
0.273406 -7.50469 6.00971
0.265795 -7.32373 -1.82294
0.237735 -5.12351 -2.89657
0.230092 -10.2044 -4.8786
0.230385 -1.3584 4.20159
0.232789 -0.958414 -5.99573
0.269027 -3.11734 -2.28586
0.227393 -7.05642 0.367807
0.265734 -12.0356 3.95753
0.244618 -0.95517 -5.53761
0.255933 -0.109591 -1.7115
0.228583 -0.99391 -0.224549
0.233831 -1.70264 -3.20247
0.229776 -14.5626 6.35873
0.235627 -3.65818 -4.27702
0.251828 -6.21679 -6.86175
0.244144 -8.12498 -6.0086
0.263616 -4.81258 3.68509
0.271582 -4.49799 -6.8514
0.271916 -6.79036 5.57787
0.227142 -8.72221 -0.874327
0.250758 -9.88375 3.49126
0.255654 -3.8518 -5.71004
0.231701 -13.283 -3.75309
0.22855 -2.48637 4.78567
0.245382 -13.3082 -5.63576
0.249196 -9.72722 -6.46712
0.266565 -12.2807 2.03989
0.270276 -6.16233 -3.66584
0.247279 -9.49145 -6.06621
0.265504 -11.255 4.92193
0.256827 -3.91997 -4.76185
0.267379 -0.526753 -5.30989
0.249965 -6.88059 -0.433274
0.233382 -9.74036 -5.64199
0.23589 -10.7001 -1.78285
0.271221 -9.663 -2.34911
0.268175 -4.38939 -4.62982
0.273418 -3.91541 4.78491
0.237732 -5.98982 1.03755
0.243226 -12.3298 7.26722
0.230386 -12.8507 3.9881
0.225486 -6.75307 4.28165
0.235849 -11.3202 2.1591
0.242924 -12.3647 5.14083
0.271208 -10.1772 1.57646
0.241142 -12.838 4.47662
0.236788 -13.9843 -6.52757
0.256048 -12.4623 3.26238
0.251066 -3.10152 0.20563
0.254685 -1.32172 5.98881
0.243341 -10.3082 -2.87989
0.237403 -11.3534 -6.05557
0.242695 -4.30235 -5.54256
0.243914 -4.26122 -3.82707
0.226204 -12.1079 5.8605
0.247766 -4.76627 0.858244
0.262157 -0.135682 0.229478
0.266998 -5.04169 1.2266
0.226503 -6.66924 -6.91794
0.228531 -3.37668 6.43181
0.24906 -1.33267 -1.40603
0.265407 -8.08664 -6.8664
0.25143 -7.21181 3.50376
0.239079 -3.64788 5.20352
0.240592 -1.95586 -2.86625
0.248403 -12.4301 5.59067
0.243678 -9.68725 4.83527
0.274687 -11.022 1.79878
0.229974 -6.31999 -1.16029
0.267007 -10.3189 -4.0796
0.231524 -6.02838 3.14904
0.266264 -3.48205 -1.3747
0.254737 -14.0768 -4.23014
0.24518 -8.07505 -1.51148
0.239759 -4.8597 1.66431
0.231463 -14.9064 -5.74875
0.260488 -5.86736 -3.26201
0.273795 -6.96099 3.06904
0.265123 -8.24312 2.72064
0.232997 -0.480359 6.08896
0.257932 -2.04308 -6.85388
0.272061 -11.5904 -5.62793
0.26747 -7.02335 6.0133
0.22898 -8.56692 -5.21683
0.254138 -11.6735 5.76089
0.23261 -7.49129 6.84749
0.250614 -11.6082 1.32618
0.23969 -2.79835 -0.649947
0.226493 -11.4495 7.33306
0.240467 -14.8964 2.87086
0.255288 -2.99732 -1.46216
0.235118 -1.34288 -4.34307
0.259868 -2.05928 -1.63368
0.24111 -11.2511 -3.00018
0.263279 -13.2524 4.73513
0.25511 -7.24014 2.64056
0.248205 -2.44692 5.61231
0.265924 -10.5342 -0.282912
0.262819 -1.91818 -0.369346
0.225782 -3.94583 -6.91005
0.25193 -2.88607 -3.98316
0.227024 -10.1907 -6.46759
0.252744 -5.04861 5.31053
0.242633 -10.0945 7.29525
0.231418 -0.510634 -3.42914
0.269938 -9.1488 -2.27201
0.229919 -14.8972 3.31893
0.227738 -11.642 4.16937
0.231647 -6.12117 -1.56169
0.244616 -5.52043 -6.01334
0.261014 -12.8048 -6.02054
0.258976 -5.76176 -2.44447
0.235915 -0.452832 -7.27554
0.250555 -5.93998 -0.276281
0.245641 -8.99954 -6.88927
0.268667 -14.8749 0.964152
0.248421 -13.2655 3.76771
0.236779 -5.14065 2.01235
0.269459 -4.13267 -0.816701
0.24589 -7.61856 -1.4433
0.228797 -6.72927 1.27575
0.227864 -14.0722 -3.75641
0.228942 -7.43426 3.90072
0.232901 -6.22208 -6.17584
0.264811 -13.2485 -0.0068551
0.239905 -5.67787 -3.71394
0.229782 -4.40849 1.72216
0.253328 -2.50064 -6.86321
0.227501 -13.9193 6.91593
0.241516 -0.565271 7.28335
0.255933 -10.4551 -3.31951
0.236021 -9.3739 -3.99839
0.254083 -5.03991 3.24881
0.269654 -10.8357 0.997291
0.254247 -8.67773 -2.15854
0.249336 -12.4523 4.21195
0.233713 -3.38499 -0.161072
0.261204 -8.13199 -0.29555
0.258849 -13.2475 -0.505946
0.262886 -9.58215 0.59389
0.243192 -10.6596 -6.47172
0.25191 -4.32301 -0.365187
0.27019 -13.6716 0.268375
0.264168 -11.076 6.53527
0.233236 -6.29213 1.365
0.243275 -1.3426 1.92401
0.236272 -4.30352 2.92852
0.241908 -8.90852 -3.96153
0.225196 -14.0705 1.47025
0.244313 -5.54515 6.06139
0.252208 -4.93366 -3.3222
0.23223 -0.918239 -4.58889
0.268417 -8.57387 -3.05232
0.255554 -11.2399 2.97624
0.242575 -4.04031 2.55688
0.266312 -6.06939 6.88257
0.229741 -12.0636 -5.61582
0.267252 -12.4795 1.57818
0.227127 -14.4521 0.729374
0.235336 -12.8887 2.61555
0.241503 -10.8022 6.91184
0.250801 -14.8939 3.78053
0.230532 -11.018 7.31006
0.252166 -7.94827 -3.88668
0.260058 -0.531985 6.50755
0.244499 -14.8902 -1.89687
0.245358 -13.4847 6.81506
0.228902 -11.2211 3.43874
0.236583 -2.68527 6.01129
0.232661 -5.83428 -6.3631
0.249861 -5.32154 3.61532
0.25133 -6.29909 6.44395
0.266606 -5.74856 2.77605
0.256541 -6.34963 -3.21754
0.272951 -7.91032 -4.75985
0.26335 -0.109911 7.28426
0.267996 -0.531656 -5.80352
0.272292 -0.552202 -1.45825
0.244727 -11.7139 5.08862
0.255146 -11.6407 -1.90026
0.233377 -11.2547 6.94676
0.271387 -9.27217 0.201873
0.250881 -14.0784 -2.36515
0.2411 -8.14783 3.53804
0.248633 -3.21905 -6.50687
0.260552 -11.2151 -1.17905
0.240064 -10.0695 2.06773
0.239347 -11.6044 -1.44277
0.232438 -6.27766 3.51889
0.254156 -10.9006 -6.0612
0.227078 -14.0887 -0.453013
0.252837 -11.1348 5.73039
0.271305 -7.49387 -0.997758
0.260516 -0.890352 -7.274
0.234002 -5.99375 -5.34503
0.255131 -11.5765 -7.29046
0.240339 -7.14926 -1.36665
0.23985 -0.109172 -4.57911
0.274419 -6.42117 -5.5504
0.241094 -9.52158 -5.22906
0.236189 -0.500266 1.88752
0.256447 -1.324 -2.93511
0.246104 -2.2316 6.86106
0.248322 -8.00145 6.02909
0.24343 -9.81415 -0.667913
0.268236 -9.0541 -3.13249
0.25815 -8.31726 0.495909
0.253558 -7.65215 -5.18086
0.231933 -9.76039 -4.85453
0.271155 -11.8314 -6.87177
0.272635 -6.66979 -6.00953
0.23548 -8.48599 2.30956
0.227171 -3.18817 5.21592
0.261602 -8.73781 2.72035
0.227165 -6.42884 -0.359974
0.260111 -0.557275 4.27366
0.261906 -5.82564 0.252088
0.235835 -1.74278 4.39146
0.270194 -9.1307 7.29362
0.233485 -6.55729 -4.77886
0.245226 -14.8877 -6.22026
0.239624 -13.6913 3.5355
0.245337 -13.7487 7.30464
0.268318 -12.5024 -4.65541
0.256659 -7.38775 -7.28331
0.260766 -2.60893 -4.52936
0.25148 -2.5688 -6.00882
0.226393 -2.44309 6.44438
0.247561 -7.42855 -4.75715
0.270422 -3.41849 -2.6766
0.243184 -3.84137 2.99238
0.228757 -2.24569 6.04054
0.245303 -7.70823 1.05168
0.242519 -1.77311 -6.4779
0.229912 -11.0684 -3.83931
0.23531 -14.8892 5.22969
0.236251 -0.108389 -5.55153
0.231984 -11.6608 4.63722
0.262613 -5.94135 -1.99726
0.257664 -9.33951 1.49168
0.247417 -11.6203 3.68507
0.227139 -2.01484 7.27798
0.267234 -11.3833 6.1425
0.237196 -0.103425 -6.00696
0.228628 -4.59562 5.31186
0.246602 -3.23313 -3.13268
0.226883 -9.25656 1.9389
0.274203 -3.12597 3.50543
0.261109 -6.12188 4.72304
0.251239 -9.83342 -4.03222
0.241638 -6.48431 3.1196
0.266843 -3.03618 -4.78374
0.270618 -4.22858 -6.01018
0.265459 -9.95482 -6.88781
0.27223 -14.0614 -0.924894
0.237982 -0.103041 -0.743401
0.229341 -5.04969 0.00417812
0.238083 -13.6863 4.97873
0.230794 -6.75041 -4.37728
0.274501 -10.7928 4.17853
0.253963 -12.0809 -6.46798
0.266335 -3.17051 -4.33498
0.256677 -1.1139 -6.85134
0.242985 -3.39852 5.60491
0.26706 -11.2196 3.91206
0.24373 -6.98672 -4.76608
0.233088 -3.15686 -1.01714
0.235118 -9.66205 5.69959
0.266983 -11.2627 4.40784
0.242702 -14.0891 3.78763
0.231763 -14.5253 5.91862
0.235379 -4.77408 4.95307
0.244546 -0.98986 -0.684781
0.229955 -13.1742 0.945051
0.265984 -3.69987 -7.29306
0.246219 -12.0847 6.84425
0.249395 -4.78791 -4.93555
0.245193 -7.51601 0.27329
0.255634 -0.55535 5.21497
0.267965 -6.75148 7.28672
0.270795 -5.19812 -5.189
0.22677 -11.4991 1.76471
0.250048 -6.40149 -1.95305
0.240149 -4.94824 -6.63415
0.249072 -8.6436 0.822893
0.243381 -5.22563 4.8953
0.247877 -0.100723 2.10867
0.225486 -0.890868 -2.75207
0.239087 -8.24208 5.61694
0.243951 -5.39839 -6.47841
0.256333 -14.8883 6.68528
0.25817 -0.122052 0.717926
0.251571 -7.76614 5.60177
0.265296 -5.06055 -6.14872
0.266869 -13.5147 -2.91691
0.225106 -11.201 2.54291
0.24884 -3.30779 -1.83314
0.242252 -2.19021 -4.77756
0.24911 -9.29769 -1.44114
0.2719 -8.62965 7.27806
0.235236 -12.4028 -0.0517454
0.237518 -10.7716 0.13761
0.246155 -9.21161 -3.58277
0.253711 -8.19007 -2.10669
0.241707 -8.54819 -6.885
0.22587 -4.92197 -1.26285
0.255291 -13.2415 -1.47379
0.225112 -9.06881 3.61635
0.274488 -9.47449 -1.88404
0.254816 -0.569336 0.472266
0.227456 -2.96991 -6.87975
0.274464 -8.77416 -5.64834
0.229659 -2.93295 4.76982
0.263029 -10.2866 -1.53765
0.230084 -5.5988 3.98164
0.26937 -5.31991 6.48541
0.237243 -12.329 -6.87161
0.267246 -8.39877 -4.77597
0.227003 -9.96697 -5.25177
0.252539 -2.18877 -5.75208
0.245793 -7.19893 -0.071688
0.250346 -7.4116 -5.584
0.269654 -3.22752 1.42585
0.245194 -9.50219 3.7362
0.249684 -0.117084 4.03691
0.258852 -0.921947 1.67478
0.226547 -10.8746 -2.17026
0.231998 -0.901253 3.55451
0.248823 -13.2404 -1.97274
0.249185 -0.895039 2.6216
0.265894 -2.63704 -5.5196
0.269871 -12.8064 6.41033
0.256411 -7.03225 -0.886228
0.249321 -6.51487 -2.77961
0.263218 -14.8878 -0.437784
0.239231 -14.0963 4.26497
0.245115 -12.8742 3.05724
0.261301 -7.62719 4.32242
0.233213 -9.03293 4.41878
0.273616 -12.0779 -7.29342
0.232011 -11.6247 -0.982832
0.228704 -7.5952 -2.21351
0.272958 -12.8855 -5.43695
0.274486 -5.48024 -4.17849
0.234925 -12.8425 -2.22474
0.227311 -4.13698 1.36748
0.237697 -7.37499 1.87293
0.265502 -5.73351 -6.83693
0.265674 -5.81802 6.45238
0.263081 -6.89746 0.823555
0.247131 -1.36352 -5.77079
0.233345 -5.52503 -7.28979
0.264985 -12.8327 -0.761231
0.253801 -7.30478 -3.12519
0.24021 -3.58953 -2.20945
0.232053 -10.4112 -5.25544
0.225403 -14.0622 -0.00815935
0.231922 -13.2964 -6.89079
0.270842 -5.78181 5.64506
0.226872 -11.1455 1.35602
0.234097 -4.6795 2.07724
0.23877 -10.7752 -2.95398
0.247449 -6.7473 0.0131789
0.269087 -10.8625 6.11319
0.258542 -3.36284 3.041
0.264419 -3.87723 7.287
0.248923 -0.578265 -0.000793779
0.230177 -9.15312 6.44304
0.266691 -12.8685 5.49599
0.239974 -14.4796 1.69108
0.241603 -1.73418 -3.64304
0.260139 -2.21448 4.42236
0.271696 -9.27398 -5.64589
0.2719 -13.2596 -4.66672
0.270775 -1.79323 -6.01162
0.274791 -2.7404 -7.2879
0.252384 -5.20122 -0.430107
0.242128 -4.72076 -1.65342
0.240491 -6.32694 4.29792
0.255429 -4.63112 -0.769458
0.253505 -1.56103 -6.87336
0.22986 -9.42199 5.2095
0.248983 -9.7837 -1.50352
0.269073 -0.139917 -0.265821
0.246605 -3.87998 -2.59286
0.245822 -0.510076 -4.35219
0.22722 -3.4661 -5.48712
0.256613 -3.50723 1.82502
0.227957 -5.51708 3.19625
0.248942 -6.52875 6.02256
0.266803 -3.63319 -0.889803
0.245306 -12.3997 0.378344
0.27425 -1.04607 7.29012
0.253269 -4.84928 7.29459
0.256805 -8.15426 7.2735
0.233177 -14.5077 5.4568
0.260053 -14.4874 -3.99761
0.232451 -13.7052 3.06555
0.229861 -2.70172 4.39556
0.248958 -8.03831 2.27417
0.231717 -10.2655 -0.667236
0.234997 -11.121 -6.47061
0.270577 -4.35699 5.66727
0.237603 -14.8954 -2.36347
0.266071 -12.4337 -5.17636
0.242373 -1.73663 -4.10731
0.272769 -6.04437 5.20453
0.272958 -6.25039 2.70564
0.247004 -10.8189 3.20585
0.229388 -9.31277 -4.81484
0.26346 -8.51659 1.31223
0.236459 -0.517187 1.42773
0.246515 -4.14055 4.27085
0.272055 -2.27088 1.35861
0.274132 -5.117 4.05602
0.259393 -6.82767 -3.17571
0.244034 -5.267 -6.92335
0.262256 -3.63476 6.02531
0.243846 -8.85816 -4.76529
0.260869 -13.0061 -2.87562
0.259618 -14.4806 -2.59989
0.267396 -9.84017 -2.81767
0.249634 -9.95479 -6.05749
0.259845 -14.0675 -3.28466
0.248443 -7.98689 0.167161
0.263867 -13.6813 4.01159
0.228209 -6.5249 3.89569
0.239968 -4.35714 -5.09892
0.225281 -2.18561 3.64065
0.238384 -10.6508 -4.88541
0.253067 -10.5327 1.92001
0.268491 -6.96057 2.13734
0.263306 -9.98447 -1.95488
0.255277 -13.6493 -1.7008
0.271884 -11.9587 1.67323
0.250415 -7.6845 7.26907
0.231365 -7.16244 -2.26872
0.272179 -14.887 1.45769
0.259546 -13.6462 -3.48256
0.261981 -4.30671 0.943336
0.231667 -9.96801 2.51335
0.244582 -8.42987 3.1561
0.272395 -4.07817 0.08002
0.244115 -14.4681 -0.219703
0.249501 -0.523524 -4.81851
0.25943 -14.0753 -1.90316
0.268345 -14.0747 1.92614
0.266714 -2.68039 -1.09329
0.232878 -8.82754 2.06788
0.252914 -3.15609 6.01851
0.257445 -5.45767 -2.04196
0.258967 -14.0711 -1.43089
0.25917 -13.0131 1.39541
0.261762 -2.68857 6.86224
0.257079 -12.5558 6.84103
0.238399 -11.3463 -6.87322
0.236534 -2.00662 6.43833
0.225009 -8.76464 -7.28847
0.22588 -0.941607 4.02986
0.231078 -14.5222 6.95391
0.271599 -12.7289 -3.3182
0.263975 -0.101981 -3.1865
0.232332 -7.23407 7.29622
0.274875 -12.4041 -1.96951
0.263002 -13.6978 2.58569
0.265406 -12.8821 -4.33592
0.230425 -3.63539 6.87889
0.268899 -3.5634 2.59344
0.263106 -13.2935 2.80651
0.251516 -11.9883 -3.99853
0.230285 -0.0822881 -6.44656
0.249289 -0.116663 -1.21698
0.253585 -2.33789 -1.99602
0.239393 -8.13505 -2.97152
0.232479 -3.6057 0.208394
0.270259 -9.3768 6.86256
0.257337 -2.49656 1.82321
0.232338 -12.1251 2.50535
0.264781 -13.6807 4.50172
0.237901 -11.6472 -4.33484
0.23815 -14.095 -5.66401
0.233082 -12.3116 6.43827
0.258758 -8.57831 4.38731
0.251702 -14.8986 -3.29034
0.228878 -8.32122 -5.59838
0.228079 -13.5743 0.746757
0.247559 -3.1745 6.84536
0.250403 -4.68321 -5.84347
0.26314 -14.5084 -4.93919
0.236753 -4.8422 5.6996
0.263559 -6.56627 1.73791
0.24641 -5.94817 2.31105
0.263363 -11.5218 -0.307173
0.241257 -11.0614 -2.59286
0.271975 -13.2706 5.2275
0.250334 -1.77601 1.36326
0.229381 -9.89047 6.08638
0.230833 -13.3205 -4.19015
0.23393 -1.63822 3.12782
0.255665 -8.34752 3.94745
0.25566 -9.23254 -7.3047
0.270334 -8.93632 6.03181
0.246717 -3.81891 -3.85907
0.244301 -3.43698 1.02943
0.225205 -13.6827 -4.44134
0.263138 -14.8635 7.26093
0.233037 -5.58137 -2.86875
0.272791 -12.7803 0.692238
0.262091 -1.0239 6.39678
0.229286 -1.27346 3.33527
0.252255 -8.71279 5.61546
0.264369 -2.62604 -2.37354
0.258491 -2.09711 0.0723726
0.248681 -9.87472 3.98922
0.228695 -5.22101 0.78304
0.271212 -2.99732 1.83533
0.273339 -7.41809 -6.43637
0.269641 -8.7143 -3.52662
0.260029 -5.526 1.15162
0.233678 -5.11947 -5.67378
0.236991 -1.35355 -5.30032
0.248612 -9.18699 2.8621
0.238458 -0.887654 3.10146
0.23007 -14.233 -6.87911
0.252357 -11.0246 -0.268899
0.238656 -6.7311 -5.16557
0.271058 -12.5776 -7.28807
0.273678 -8.04341 1.43311
0.242643 -5.85673 1.48863
0.243559 -12.022 -1.68022
0.228447 -8.58044 -0.395779
0.251579 -14.5039 2.16046
0.269085 -12.0374 2.9722
0.267443 -10.6419 4.98264
0.257419 -11.5897 -2.62307
0.240266 -4.95437 2.43725
0.270872 -2.1709 -3.31693
0.237968 -2.43692 -0.281072
0.264326 -4.45226 -1.22868
0.238765 -10.4768 -1.04146
0.268551 -14.845 -6.78325
0.231405 -12.0024 5.42725
0.255487 -1.78863 6.03224
0.232419 -6.05569 6.03993
0.255943 -13.6546 -2.19644
0.244853 -3.95439 -1.27652
0.239902 -1.28784 3.77451
0.272822 -3.81369 -0.389657
0.251559 -7.01825 1.6312
0.268763 -10.3746 6.09638
0.273188 -7.13022 -6.85205
0.262571 -14.4649 -7.26999
0.257608 -14.8873 -1.43172
0.235278 -14.8994 5.68106
0.270504 -9.87351 5.27936
0.259359 -4.53988 -2.09081
0.250645 -4.84155 -2.49525
0.227134 -4.09389 -4.25269
0.235939 -12.6233 1.1383
0.265417 -4.59935 6.8872
0.227191 -3.07839 -5.678
0.231224 -6.11419 1.8665
0.229937 -7.73347 -2.9947
0.247854 -4.74334 -5.389
0.236238 -14.1008 -4.6971
0.272757 -13.9564 1.013
0.233826 -10.5894 6.5149
0.24018 -4.57756 3.28244
0.229127 -9.66994 -3.61815
0.262671 -7.45405 -2.64576
0.233096 -0.941664 5.48959
0.228882 -8.78621 4.79231
0.226582 -6.74375 -1.19004
0.247638 -5.57963 6.88647
0.234093 -0.903251 -3.65488
0.230332 -4.01384 0.561748
0.257869 -7.35297 -0.529497
0.268167 -8.64598 6.43356
0.23073 -1.34074 -7.28542
0.22698 -6.28203 7.29738
0.236988 -1.30748 2.3938
0.226648 -13.7481 -6.89744
0.256283 -0.787971 6.87192
0.266705 -10.0312 -1.09414
0.242208 -4.54696 -4.18812
0.253551 -11.8654 -3.54207
0.232438 -14.874 0.0200123
0.271647 -5.23862 2.81974
0.271315 -6.43928 2.22168
0.253773 -9.98107 4.46538
0.268046 -9.03728 -5.20184
0.26551 -5.39813 -3.30501
0.257654 -14.92 -5.18215
0.238894 -11.9008 7.32035
0.258927 -12.4143 -1.00269
0.264592 -1.80352 -7.28952
0.273944 -4.41229 4.66625
0.258338 -10.1303 5.70098
0.250961 -6.90607 -7.29775
0.230658 -10.8887 4.63283
0.263981 -12.3473 -3.66567
0.228687 -5.79571 -4.56793
0.259439 -5.68072 4.86386
0.259659 -11.5749 6.58502
0.267539 -0.141743 6.80214
0.27361 -2.19926 -5.2686
0.248715 -0.130326 4.97395
0.264016 -5.5948 -0.710614
0.227092 -10.637 -3.74611
0.270968 -11.7851 2.16643
0.23865 -14.4749 -0.686053
0.266664 -4.1321 -6.49831
0.251552 -2.91159 3.97009
0.241971 -2.61224 -5.01767
0.234402 -5.22977 -3.74424
0.271142 -2.71797 5.1945
0.25419 -12.0041 -0.280665
0.238025 -4.6631 -7.29496
0.236223 -10.9556 5.31148
0.268923 -9.47561 -6.89038
0.252509 -2.8987 3.08055
0.274651 -1.94375 5.58081
0.2498 -0.1086 -2.22287
0.263727 -5.98029 -7.2816
0.252071 -7.17135 -6.00056
0.263688 -14.4868 -3.52733
0.233616 -13.2877 5.72537
0.251869 -4.35961 7.29424
0.26372 -11.3204 -2.21181
0.26468 -2.43715 4.00741
0.253651 -7.37773 4.7375
0.250343 -2.14165 -2.43534
0.236175 -4.35269 3.79147
0.261722 -2.9279 -2.75793
0.239646 -9.61128 2.22634
0.253271 -9.70844 1.78722
0.229802 -8.34034 -6.46041
0.227394 -14.8985 -3.76279
0.23892 -11.2103 -4.2856
0.264601 -2.60117 0.139952
0.241695 -4.86227 -4.51445
0.242043 -12.4385 -4.15135
0.243931 -1.32848 -3.88534
0.242299 -6.04861 -2.82796
0.263218 -2.54221 -3.65356
0.23157 -7.62022 -6.87706
0.231418 -0.110472 -2.69761
0.235615 -8.49711 5.21973
0.260338 -6.66029 -3.62345
0.271812 -4.05176 -2.13858
0.246927 -13.2168 0.47763
0.241197 -7.8839 -5.59476
0.261621 -5.3348 7.28733
0.235569 -6.73502 3.50347
0.238822 -5.32766 1.59221
0.263609 -3.62393 3.45002
0.225895 -3.76335 -1.75644
0.239337 -10.3415 6.88862
0.27273 -2.42244 -2.84338
0.244213 -3.25792 -0.579686
0.252463 -7.83835 4.77804
0.23738 -5.18217 -1.63429
0.268059 -3.38751 7.2814
0.271568 -11.1763 -1.70363
0.246734 -13.3113 6.36104
0.228092 -2.46704 -4.10402
0.241002 -12.8717 -4.95016
0.231708 -14.0977 -6.1161
0.268799 -6.78092 6.44375
0.256897 -8.17324 -4.32417
0.241601 -5.30139 -2.48751
0.250349 -1.00523 0.234665
0.258232 -2.01197 1.78216
0.261966 -6.28981 5.62006
0.232691 -5.01796 -4.13306
0.269485 -14.4397 0.255727
0.269653 -7.46779 3.09526
0.262523 -9.35036 -2.74089
0.245656 -5.36112 0.352136
0.259346 -1.30616 -3.42334
0.232539 -5.07835 6.07812
0.241334 -4.92303 0.427341
0.250118 -12.0116 -1.22738
0.255082 -11.5821 -6.45909
0.251195 -11.9798 0.530037
0.270751 -6.27122 0.0835013
0.252573 -7.65352 -6.00035
0.252772 -13.5152 -7.29254
0.245602 -12.4905 -5.65211
0.242848 -6.27859 -4.45722
0.231616 -13.6365 -0.738073
0.267062 -0.995044 -1.74209
0.23088 -2.11653 -3.85578
0.226631 -13.6959 1.65967
0.244667 -1.75855 -1.2625
0.254836 -14.494 3.55277
0.233482 -14.8924 1.92522
0.251456 -8.87815 1.63852
0.259063 -5.56256 -5.52251
0.234967 -14.894 -2.82282
0.262465 -7.66762 -0.184592
0.234124 -0.108473 -4.11828
0.227185 -3.62545 0.634358
0.264955 -2.90747 6.43181
0.248686 -4.49573 2.50089
0.228001 -8.39585 6.85532
0.238725 -2.46496 0.936121
0.247113 -3.66485 -6.56398
0.238976 -2.46173 3.13836
0.227537 -0.0558891 -7.32744
0.240428 -2.52174 -1.54611
0.267306 -13.688 5.4802
0.25547 -10.0255 -4.47059
0.245554 -0.93726 -5.06306
0.240132 -10.1832 -5.64553
0.270921 -0.534579 -0.935456
0.252956 -12.197 -3.19584
0.248025 -11.9929 -0.747936
0.26489 -0.103362 -5.06349
0.252329 -5.7966 3.5473
0.228324 -1.95846 4.01494
0.231341 -4.76058 2.86651
0.227495 -3.79082 -6.16158
0.234039 -8.64079 -4.34501
0.25792 -13.5391 -6.47932
0.24117 -14.9144 -7.27362
0.235471 -8.83552 -1.35776
0.230671 -14.9173 6.13249
0.271354 -10.7816 2.72974
0.260787 -4.34273 6.47327
0.25659 -2.21594 5.16723
0.259917 -3.88261 5.60509
0.242187 -14.4856 -3.05293
0.270152 -6.11203 -0.723396
0.261538 -0.622874 -6.82649
0.259867 -12.1199 1.21318
0.259289 -7.72661 6.4436
0.226453 -9.99093 -3.24823
0.241732 -10.0578 0.556786
0.274467 -4.91876 4.52202
0.239953 -10.8965 -6.8742
0.263391 -0.139342 -6.89198
0.238039 -10.1218 6.4838
0.257652 -4.60799 4.15849
0.235684 -12.4796 2.80208
0.261518 -6.75279 2.61039
0.254895 -9.56214 -4.43048
0.232553 -13.6891 -3.96359
0.231325 -3.78965 2.18109
0.227953 -13.2127 -3.30579
0.266286 -0.0964036 3.08656
0.227952 -14.4744 4.5118
0.247327 -0.493359 2.3628
0.251082 -2.04329 3.23536
0.274732 -1.96357 0.913179
0.245343 -2.2088 -1.18883
0.240509 -14.0942 4.73885
0.228392 -12.7916 -6.88394
0.258407 -9.50652 4.392
0.274083 -5.42639 4.44308
0.261254 -14.0993 -5.18591
0.238768 -13.0506 -7.27266
0.265835 -9.87373 6.88016
0.241452 -1.35024 1.47344
0.273334 -11.0454 0.527517
0.253111 -11.3241 0.938578
0.22874 -0.118713 1.19234
0.246912 -7.86213 -7.28683
0.232126 -3.86973 0.99366
0.235907 -12.4276 -1.47316
0.232063 -12.5045 6.03953
0.231976 -14.0533 0.541191
0.266067 -13.2901 3.29321
0.259312 -10.936 -3.38789
0.236815 -10.9094 -5.22296
0.252545 -14.1142 2.40027
0.240233 -0.11931 5.41755
0.236075 -7.80717 -1.85609
0.256478 -4.35989 -2.53911
0.237008 -14.4782 4.02549
0.234378 -0.111796 -3.6627
0.2576 -8.20649 -3.4521
0.27226 -14.4358 1.20098
0.23164 -6.96375 -3.98156
0.249131 -14.226 6.62891
0.253187 -11.1272 -5.63118
0.233945 -6.44291 -7.28885
0.268984 -4.59944 -6.33687
0.229509 -2.1243 -4.33444
0.243221 -9.24956 -6.47274
0.248661 -2.91289 7.28114
0.261516 -6.51817 -6.49868
0.242145 -10.1262 -3.65775
0.267214 -2.77149 2.25462
0.235306 -9.40805 6.05664
0.24372 -3.69629 -3.06604
0.245286 -12.8205 0.206839
0.274265 -4.44091 -3.37901
0.226224 -7.8155 -0.642245
0.231851 -11.5223 0.520176
0.25522 -4.65373 -2.92951
0.241235 -10.7817 -4.18533
0.249221 -8.78532 -6.47483
0.258977 -14.0144 -2.81761
0.255399 -2.63852 3.55901
0.265337 -0.963443 1.20026
0.248096 -9.10576 0.67611
0.263854 -6.99465 -2.72529
0.243278 -0.904993 -6.44175
0.237934 -8.41304 -1.20715
0.252007 -14.4759 -1.18668
0.252112 -9.10337 -4.3835
0.265484 -13.6751 -0.257587
0.250575 -14.2203 7.27977
0.236941 -14.4959 -4.46846
0.271053 -6.70218 -2.32495
0.245096 -5.8224 7.29537
0.2502 -14.4941 -2.12088
0.236631 -10.1558 4.89534
0.241799 -6.54287 5.15646
0.248823 -0.487974 -6.29045
0.260386 -11.7666 0.121878
0.268201 -1.27682 6.83787
0.241998 -13.0337 6.83722
0.233097 -8.89134 -0.0721662
0.262211 -3.02746 -6.09851
0.266441 -1.54718 7.28453
0.257253 -10.7919 -0.710733
0.233926 -9.12224 -1.03002
0.265362 -3.89016 3.86908
0.233449 -8.18404 6.45909
0.265776 -1.65607 -2.51105
0.261505 -9.63484 6.45197
0.237515 -7.84077 1.87008
0.246404 -12.8331 -1.24477
0.232148 -11.3533 -5.20722
0.262721 -1.00896 4.50679
0.270048 -8.88091 6.84722
0.26229 -14.0983 5.21717
0.22747 -3.48538 -4.65552
0.238866 -6.56821 -1.54889
0.271433 -1.33675 -4.81036
0.230457 -7.28479 5.5718
0.226844 -2.73935 1.43629
0.255501 -9.62349 7.29702
0.245466 -9.53306 -3.19987
0.231051 -3.44288 -5.92676
0.249451 -13.9888 -7.28055
0.271058 -8.09821 4.36086
0.274984 -5.31707 -4.67659
0.240627 -5.87418 4.33838
0.232005 -6.43351 0.936148
0.266656 -11.9644 -2.26658
0.260003 -8.28078 -0.752008
0.231272 -8.61587 3.56786
0.241113 -8.98577 -1.79657
0.230855 -1.86575 -2.0765
0.255562 -5.65119 -1.60152
0.246583 -14.8972 -4.22924
0.246273 -4.99832 -2.0519
0.234005 -10.8704 2.25315
0.256579 -13.7023 -5.90175
0.24816 -9.38107 -0.694766
0.265318 -1.01801 5.0192
0.265265 -14.8843 4.75929
0.230854 -5.49582 5.27717
0.237733 -3.41598 -6.92039
0.272232 -2.93506 1.02319
0.253694 -13.5036 1.25486
0.233449 -7.88104 3.9183
0.263735 -1.43734 0.986901
0.232694 -7.12878 -3.55407
0.261736 -10.4209 -6.06346
0.274402 -14.8821 4.26604
0.257452 -13.2751 1.80125
0.226559 -14.5023 2.63637
0.262692 -9.14872 2.39579
0.260537 -2.62114 2.6932
0.237054 -12.0764 -4.88398
0.254595 -0.526166 -2.47346
0.250035 -2.76055 0.571196
0.242936 -7.57282 1.4932
0.257169 -11.0965 -4.75719
0.229003 -6.86559 -1.87718
0.268535 -12.8137 4.9769
0.237331 -0.112785 1.64101
0.259667 -1.37551 -2.08651
0.248685 -7.9556 3.13192
0.254569 -10.651 -7.29276
0.240099 -12.5622 2.37041
0.228303 -7.26143 6.44169
